
Call:
PCA(X = pca.matrix2) 


Eigenvalues
                       Dim.1   Dim.2   Dim.3   Dim.4   Dim.5   Dim.6   Dim.7   Dim.8   Dim.9  Dim.10  Dim.11  Dim.12 
Variance               5.982   2.276   1.272   0.964   0.587   0.469   0.344   0.060   0.030   0.013   0.002   0.001 
% of var.             49.847  18.965  10.599   8.036   4.894   3.909   2.866   0.504   0.249   0.111   0.016   0.005 
Cumulative % of var.  49.847  68.811  79.411  87.446  92.340  96.249  99.115  99.619  99.868  99.979  99.995 100.000 

Individuals (the 12 first)
                            Dist    Dim.1    ctr   cos2    Dim.2    ctr   cos2    Dim.3    ctr   cos2   
A10_thick_2013          |  5.960 | -4.718  0.362  0.627 |  3.340  0.477  0.314 | -0.194  0.003  0.001 | 
B100_thick_2013         |  4.765 |  2.073  0.070  0.189 | -2.281  0.222  0.229 |  3.381  0.874  0.503 | 

 100  0.379_2013      IL_002_thick_2013     |  2.877 | -1.961  0.063  0.464 |  1.039  0.046  0.130 |  1.084  0.090  0.142 | 
RIL_004_thick_2013      |  3.043 | -1.406  0.032  0.213 |  0.574  0.014  0.036 |  1.790  0.245  0.346 | 
RIL_005_thick_2013      |  4.657 | -3.986  0.258  0.733 |  1.320  0.074  0.080 |  0.255  0.005  0.003 | 

0.035 0.027_2013     RIL_008_thick_2013      |  2.546 | -0.325  0.002  0.016 | -0.369  0.006  0.021 |  1.551  0.184  0.371 | 
RIL_010_thick_2013      |  2.875 | -1.770  0.051  0.379 |  0.168  0.001  0.003 |  1.345  0.138  0.219 | 
RIL_011_thick_2013      |  3.411 |  0.168  0.000  0.002 | -1.354  0.078  0.158 |  2.508  0.481  0.541 | 
RIL_013_thick_2013      |  2.784 | -1.555  0.039  0.312 |  0.628  0.017  0.051 |  0.883  0.060  0.101 | 
RIL_014_thick_2013      |  3.205 | -1.502  0.037  0.220 | -0.628  0.017  0.038 |  1.573  0.189  0.241 | 

Variables
                           Dim.1    ctr   cos2    Dim.2    ctr   cos2    Dim.3    ctr   cos2   
lfblade_area            |  0.696  8.095  0.484 | -0.537 12.680  0.289 |  0.275  5.940  0.076 | 
lfblade_weight          |  0.661  7.314  0.437 | -0.649 18.503  0.421 |  0.180  2.541  0.032 | 
SLA                     |  0.122  0.249  0.015 |  0.619 16.822  0.383 |  0.279  6.107  0.078 | 
d13C                    |  0.347  2.010  0.120 | -0.211  1.950  0.044 | -0.366 10.560  0.134 | 
tiller_number_cbrt      |  0.025  0.010  0.001 |  0.757 25.211  0.574 |  0.341  9.157  0.116 | 
panicle_emergence_DAS   | -0.037  0.023  0.001 | -0.222  2.166  0.049 |  0.899 63.613  0.809 | 
vegetative_mass_per_DAS |  0.960 15.411  0.922 |  0.217  2.062  0.047 | -0.004  0.001  0.000 | 
leaf_mass_per_DAS       |  0.953 15.169  0.907 |  0.226  2.253  0.051 |  0.040  0.128  0.002 | 
stem_mass_per_DAS       |  0.950 15.089  0.903 |  0.206  1.860  0.042 | -0.025  0.048  0.001 | 
panicle_mass_per_DAS    |  0.933 14.549  0.870 |  0.257  2.898  0.066 | -0.137  1.486  0.019 | 
total_mass_per_DAS      |  0.959 15.368  0.919 |  0.242  2.577  0.059 | -0.072  0.409  0.005 | 
culm_height             |  0.634  6.714  0.402 | -0.501 11.018  0.251 | -0.011  0.009  0.000 | 
